2135349100
893044180
1183026968
1816041582
1841100088
2127619173
536310704
603494250
1383150859
200756753
1669285204
405681217
1343046283
1156155227
1438142191
102477337
2028797929
1912230223
510160509
2123870002
1896973961
1790973901
951363523
340009324
1515752072
124499706
1096543388
2120019075
222338382
1689352816
183833120
210203835
434913349
1366860088
2026245417
128529789
1346995613
415072473
732024040
582662824
615829226
253825596
988344041
1958875509
1409980823
279002584
2061352846
1291295104
43749160
424029707
1267681458
1940723121
67519961
71561333
133248798
1583272033
196061040
1229792186
1555807460
418399422
771661354
1739640580
628603257
1206574703
959017020
507365027
1335104493
158528986
922437500
2067128533
741191810
1538266727
173470481
1729535852
1349658588
1583451305
2008538436
1263527787
727262761
2052287596
1687557494
1994944220
1845527070
1755077455
2066505553
1978775868
1190865840
115082945
1061084406
599189652
533482368
1832745760
191346584
1162085625
891836816
1150363605
1669450652
79457661
1308892591
444404505
2146586194
2050084401
1982671232
172573027
1632136605
1184846172
1756024332
1493191394
300890311
335803446
1397995342
1988447806
183264018
1096038764
1596041613
102285923
927330984
639423806
217368869
1988415390
1238613458
750851237
1673677503
1429960043
1912936862
418030671
432840000
1434903867
497488332
1741732591
1879308372
496590878
1644333344
1714495956
669163905
1128986302
751858480
277704590
474694048
1052748792
613508036
1872689390
893712950
796772054
821244507
342270915
899057977
1748575491
981694721
1116426846
1589507234
72824532
1867278083
1115701089
1502784575
1632731298
1533731760
1935624575
920151517
2031220092
1529873518
651976241
380327322
1026723214
218988549
1049491227
8225868
970847029
1327195817
482919916
2023595821
1940703853
208125659
769825123
589992259
1029370166
1112096039
1489050237
630462009
2093790760
457993435
72485595
19131644
177787871
1188186684
1521916219
1810519169
574434796
1310057146
583187038
458171240
692447016
1235163279
838498562
1719170231
1454151828
1887989790
1727396099
277515209
1067701959
62832368
153627383
860922165
270958027
923452506
1450914424
1300328193
2035548545
792481013
1930790202
1981855658
1250474449
2003275798
2000987302
1428262320
1043978834
1375419874
1091297841
1618413631
537993372
1674484879
2076584871
1230440389
762164510
767599786
802126972
68832690
508105928
382039423
346347899
1575807887
444871791
499975282
289246404
715829818
1423427789
1740160829
2016158011
1311492686
385158194
1799464566
1145864696
1635632643
1655256716
999368351
916411315
551751902
227304577
2007709156
22681885
765297949
1534710387
2099266757
1995738338
149391249
719382895
650381662
218223939
1227488823
1032421086
564571839
655813062
1477292877
1064547121
945059467
45639048
340491262
537736648
2061797059
1651983949
922894842
1713777977
650364997
411043838
1221551045
1649733348
1327455153
1773302948
1877037925
1187680662
1795984833
494852227
574907401
1747767942
343106917
724298651
319667189
993488580
942522590
1547156012
2025909666
1507094429
55485427
1355718895
424157903
1000544894
1401357943
764649165
1538281542
1315671355
269149466
313692736
881965684
919514464
724736574
2103516730
421764164
2052191728
1729336030
151318442
1092388742
1377837215
646170669
1667296143
978121510
989277586
244111146
1297788699
1982766166
1186633737
697461064
1861192184
546244518
752946491
1069427432
970402421
1753491385
323301727
1735051587
1144289279
1638973082
2004201053
1457982015
373455119
776231869
35234942
329488201
1197996034
2087426670
2058824231
1349314476
1032331764
1289177798
1995485145
552144259
119815660
837279083
796255406
1417604360
672561602
1982889143
2115065424
386270138
381650013
720528267
1455697570
1352052435
326536004
1778999298
939620374
1470825283
1270488732
796337779
781323650
1643943851
1572569649
816558592
1973432052
623082035
756501614
1884772635
1972396511
1788833378
1026466786
1820398008
193493990
1146282446
510193443
989749396
416403158
1182755045
825154891
383984934
1569025184
1206804904
1104513201
877239106
411373691
1431049205
508754756
1350994065
754390840
1779243489
2147331845
1535714491
1275703692
1572417846
204789435
1101652097
48016233
961291050
838941084
2020412744
602640780
1865407870
1693327104
796134770
864206669
56036899
1785884166
1280609827
1238791945
463555409
1664594762
660333481
1670360314
621624315
1537572587
2081734005
2052673521
2046327344
1285244423
659580713
1678087185
1285092620
47811556
806307229
710026818
252600992
1907959326
758043051
1213892042
599416763
630972147
1816532822
317340985
176815603
465183945
1181547654
232852502
103584463
314673834
1471644447
567139873
1979268596
2131977928
90016539
453409263
1522066868
24266896
358599136
1420910564
1309511319
1018179850
951514101
447120291
1065991406
1757821330
1157147109
1318592398
1518297009
1915190160
385000792
2117713772
398678659
54049967
287571109
575494262
519233912
1469118764
808346765
622818375
1783792598
132507564
1189958248
1615577546
117001845
1279974787
2068986809
1639068713
1304241684
280102298
912495629
466269355
1298282148
1864009730
913389647
216789906
1474347412
2070536756
1535382305
845160773
1838243269
1920383097
815390897
89438280
1974433064
1102962007
664932543
346183328
424597123
1473279308
969001704
60906073
1605786872
11476304
1676483619
1722788717
1291451092
1597986780
1214373782
448209128
1878089078
2126869411
914478483
1028887578
1843395493
1827868130
1245677485
1170259258
1750921239
633576142
2015420031
1441680860
406475591
683327281
1531119140
233425008
1786289288
48568035
579608336
63402763
1521847343
1548610040
124308836
980150568
1560086345
1800792455
555455637
704053789
1251295587
1769829420
1152262917
981901018
1749215183
2066741400
2010788596
1445127029
1747125883
1108982433
467902639
1350563474
1742558575
335839022
644760686
1550519
1019166303
28396178
234975527
657971943
76964214
814583863
721374706
1598811557
215710256
845683542
431478477
1775796601
498992349
986934115
332366742
1750287937
609279887
1484629659
584705307
211011422
1403887411
448010255
1656138451
1003529646
1556992689
2124041090
206609472
1152067616
312396465
851370158
1153618135
1331562768
879766337
1388593662
1989534712
956730551
55693878
563425770
408058460
271404134
1409109313
839536938
2047200735
1908101662
1826471053
232083829
1510905951
288267292
1716713488
2095611258
499278714
973117251
396137866
7933518
1976646898
1953130555
2131974608
35772722
957714523
296887425
887142881
2111332659
1628450194
1766909218
1352442673
1470501258
576156121
1408136551
2033927028
984214581
1679540685
1295552693
1823751519
1579257772
1056170708
1502738924
1811341601
419593011
1791006216
1380571441
367720622
142801283
206205045
763858488
150734801
35368295
569505395
135225761
71141017
1527219918
432113187
958283898
1491068929
2060563381
577709468
696027955
1383580991
1153865589
2104164506
1270024371
2138080171
1636221544
418093417
1814348042
1067995668
1474264125
1169603319
731853622
1893857136
813125887
2112425063
114094110
955927170
171146460
877952598
1106661971
206514755
1447457993
1241887733
277655773
827194264
1674000920
1235939671
170779545
1587080653
1813649140
866807500
823177996
820031081
823488359
2093202367
810627604
312226255
363812136
477491999
1380221923
1838076261
1647095318
2112075545
1584449750
312737557
2077016961
1698543860
1268664728
100679773
429012811
227843051
307194529
1876470804
1469730784
584850302
556181420
996248056
1820789973
726960966
435845061
1486955465
1593768466
1259023057
159502899
269773177
1204741777
970130503
581999432
1568553913
1447622502
1962221356
1259146527
947234172
1926813253
696112629
1259971730
1856346566
247172841
381152810
1957026340
676185652
608995861
116737221
405172809
2078726646
701587523
961354229
927491054
374893848
1688315195
1363336116
1861849314
1134600014
474875525
2021352213
1404373191
1679617302
843999068
1986372624
1100687568
144137923
1801110332
212350447
1091372095
1580439937
908463076
203860177
1289302856
1155635917
585012987
1098845548
1831821570
1194008849
1215582769
89510731
1125251847
1917170292
1050864960
2052742901
144580492
591696508
1268595369
2006429806
1726296522
1743470895
1880298371
983186065
1275604549
576813792
822075041
228808469
720951715
475701725
441158916
1812323810
2056141663
1349621992
2016183988
1197960871
357774262
453713327
149322771
42112184
1647722176
1364905540
131622915
625490375
1134592184
1182487875
530749629
1279172676
1774184383
1799344998
1138118835
1352997257
1395332245
870933558
188699675
523453147
1447747350
1010774716
752261616
21215417
1486476442
1193420533
1833539228
1395134457
395558877
1702239568
445611680
753333139
8469247
594934451
795445323
1656191424
1959839991
927068238
134198151
946948527
2109556114
664947780
78637555
1736256849
316809131
1216756390
941770459
1712141376
2087689949
1130470134
88110875
1387953651
2141244850
840372492
1409169069
1480237644
2033793025
1095224649
727888453
281868254
649980569
1173500133
1035201394
658449816
1768434584
1830646717
167157592
1580790927
610231308
301355744
380255806
572303774
966303524
458893362
161076975
1283112655
1675649752
1102847434
847770384
1615856053
85833920
935881259
856326057
79595123
1776253751
118011478
1559832767
1662563128
1213236127
140237573
1944431383
1863216696
1313737706
832149129
374182864
934688643
515312198
541340457
367995922
1125543506
842696201
748251729
1697847280
1808999725
1207145091
1858924256
944628733
735311195
814288042
1792399117
203683601
900121963
580796728
1060009658
979717086
209566832
1178021136
392066205
1872129960
243773615
532303778
1669077695
2106990311
1846041485
353743176
333689527
633246480
869055375
875029984
1001242402
1994598881
1717726185
1749494131
1544962514
1379242263
809155574
1256403122
176387348
1544466770
2070691164
1968786465
1748150371
823329479
402099545
660676381
1803046565
611666377
1838697517
47629123
336312690
2082471132
579932901
2005390385
2041977795
278490738
211649914
228183674
911737218
1080705289
1103213659
1912979621
927820522
673456196
1514990104
325299388
2052698459
176662031
1581702510
81602159
1721128801
1504910027
2050388624
1321795524
180755858
305004522
1982471905
1983802424
916670899
1673685774
2031431547
1252983589
1608673258
463880800
1110890327
1503167405
742371539
1322540241
1731351079
1654108757
255761882
687081090
1419604730
1183582404
1360537287
787111187
1508881793
1265752098
963773218
943100655
1347354258
537418371
300527034
1250259234
1859213895
481282893
1555263756
1694202152
317601669
324451008
1220404278
201549568
1577434597
681593888
665430368
540841276
37277645
1407801907
1863381517
1768628724
914427017
2119143399
308226167
186548099
1155242156
1668763454
973659286
516640301
787031904
1937432504
1459740956
2134386162
327367227
1760267991
1237161749
39097474
94067236
644941857
1733299626
411668905
969392865
806220256
613218473
399343815
1487814144
1278648841
940185091
1525091789
538967101
656082961
1146236866
1453394118
627742712
1454463033
1639942217
1782984868
975742839
466117856
152141521
1762774743
256066712
1611882478
1749677258
583433940
1224666821
839355359
622531414
1318734057
1484297216
208347393
1730402962
306206434
1014567649
196137787
705550249
354898146
1474786628
1645735340
1879989935
2013753729
154334653
878743153
1319664199
782077366
185722538
812122769
417578586
1161465377
1278240625
569720108
776756473
1534307337
34118938
378950083
2117741277
1258785759
1218305442
592789044
430036168
555119010
801136437
12955482
861325444
1815704086
209093269
1566875693
23118584
1683879897
1065127386
1903108520
1550149979
1219462039
634368025
722330530
2001539405
820090564
1534453299
271634344
1981555941
665210276
841354452
610828766
52033966
875473390
989778849
22291595
2134259149
60600643
615080639
416811669
615719654
1416217076
429767151
1477045098
1084437515
638860420
896437144
1107556099
175256669
1961564530
863180971
1725406648
1033542921
1497548997
300253531
887598679
170155913
1834706830
1159233023
4228206
352433459
2000587475
615056973
404467425
728577217
1604835822
426759020
715352718
1665436466
1041839660
1132164387
133672472
310573088
1561931538
1610717570
1395010603
53308310
359671066
355083055
228564979
173751948
1218264026
1953971628
1207294870
568329375
106741511
2094893549
738485288
1941448341
1106642924
742713495
146398152
959746751
1357770468
550865577
1688323968
815122642
977624598
256193038
333075460
2019464258
1388357425
466747932
182553698
802805315
2077465503
1577564302
856113625
289652921
1932647357
1084678604
463404870
1003427735
891166584
1670699740
1571757111
997908095
1618109641
162758751
791872789
577268917
905472246
938270941
1537015668
115759066
1489136519
1077855988
930881709
319277469
1334049026
1263957169
191258079
574922803
1730705102
373811777
1377728118
1660686957
1951376079
86358095
1950339878
1736539788
1171036699
266261100
592483876
2062203284
1936960840
16757339
912627731
1407586833
179516090
1704500520
1984855750
1084988337
495287814
1374387770
1200747403
1984424333
304760110
2131629112
156218154
1638809136
1248102634
347476233
66248291
831324088
721288010
1443976409
344527397
525180442
1530334504
147383627
114236582
553887556
413644728
706720458
468607192
203121920
723477797
1381234923
1610708754
902993888
938251796
1448080856
1987982225
1433539610
674984979
1041245980
1270480295
979745089
1025391445
1426698449
471070578
126010431
1774174682
537318869
957334519
347979044
1981295279
1301861916
873159486
1364146135
1449245543
987396069
1918033691
1862890271
1694116527
239157235
2066012192
270110677
1620392159
1529237298
1173104565
411160307
829834506
1013603142
1844699917
1504819485
2054849122
967696564
337080927
932756919
246911365
808151505
1058767350
2021086047
1345470374
2016101869
221581443
1179282005
1170480137
1094740930
395944493
472242033
2082136999
166494536
187648656
1628769878
405651772
106177200
1898880555
2026043931
1635414498
924501472
289720590
317765357
1938104614
2134420507
1822584842
1845470089
954633423
12182121
630743360
1201544788
820333626
1689510711
1075147187
18320353
1558128932
1296728630
1197602358
581125422
243985912
1593546851
1053367455
178639263
1760041388
1241016111
1807409142
18209512
1347193312
1558806049
2044253443
835124162
335823874
186490385
1152889519
126444840
173427244
827990714
1971914929
1128060667
840172835
455174642
182121807
1660506462
2144685353
1257268994
1678826815
1555330637
406513976
728945525
2136456059
650499889
175008729
1042339866
829139152
1935050117
135872330
489064646
1953259629
1483065642
2047870696
1850029424
170706156
236210922
2036519809
1323595676
362655762
62463405
4102742
187087044
1190524072
844275577
642261686
1372645879
357298391
639463391
482431225
2036125206
47310380
888945201
617587084
36282792
1539445090
792595813
1078622658
221100595
580162282
1214494988
710165241
385938263
550076982
610552289
88484039
720783139
846763211
2125003848
2044378815
1209418974
39983605
2048481557
1396506018
1230507677
745273486
2038767704
455669908
1102571878
530747447
938101133
991213436
578057827
1827046334
1608800520
614340619
1219007777
253912685
1692963278
1440108372
834074967
759974618
2789965
1220013230
1310051601
613342255
1308497269
2030834740
1460105466
1286017469
1927729907
522040792
1326001074
1828727816
1918546810
409025103
426517654
1809830866
864695011
1529089532
193094665
1802796144
372819321
771152493
1482358831
1981619841
1385493112
553882960
88048879
930972742
1993991332
922123846
1690947361
1996781297
2142137077
853515314
462639904
1303150698
736866406
1922745371
441684520
517112665
297302515
1767685594
198356833
68365678
29227050
624874487
1878196544
893922061
6480372
2071291210
549234558
379299693
694960055
2031593389
213435886
2080453167
437992701
301484765
863942262
284500385
1223608612
407405975
133798034
1218262041
1260921289
596437939
373929091
1997787695
371699662
815613611
367416712
669002177
435815558
565773545
737367855
465042608
1190648032
468080752
1358964669
1197128404
391888314
1908199227
1576428097
1086848369
1792308968
1789863984
1019817888
82818021
2091348749
1883760150
367318406
1167473713
143682477
501116441
238252106
1404603766
1097554380
612181198
1254907813
1469254042
1427794809
1622324525
2138256219
1863610367
40614422
728140427
181169327
1231262455
1196221179
1540133997
280907211
1588109493
1300849576
1857335309
527474214
945674897
1499715645
1547292102
1028492918
1443580746
1283568605
1395811325
463570812
1427251082
1896927766
701822918
684371201
846998498
1314004116
1939279014
168768892
594315278
1414119892
159541463
310441997
1454734314
887681890
491611325
538513121
2083903069
2031745322
819420333
1524528914
1185111250
529271994
2052003128
2130786147
2028987639
1451811583
1011795418
1325084737
587896540
260123095
1788655549
2015147622
9567213
342994820
552035175
856565711
1656998936
343830542
1025334603
103830566
1757950434
1184876066
414272564
1065201100
2072557957
905883889
1603714222
2008977378
790145563
275650907
1386022645
1975256813
804922901
1290542125
1958559313
686426892
594870060
822871083
2011511629
1182766600
1082994178
1652683531
1050430575
1092561391
1995678351
1602465750
1949127102
1505193639
1946296292
826978057
1609024206
1556763078
2011854123
2023296770
474480531
1936928432
781697011
2078194753
1798422163
1571842574
206362012
1036961160
1399615739
1011284913
180019637
1210691404
1697711805
774889698
2033562487
1561739786
1957656298
969073017
1066939669
860603225
2061634408
915134372
315585328
1863277862
272844364
114397972
542772271
1881868570
1671161051
407142747
1757681692
2145641582
196587531
391895055
2076352687
1995009694
1963737629
135231051
884487206
1215869720
1146515964
1064506844
279077477
696744121
1839396542
165156316
111000259
1649569192
1134229334
1177939929
362688770
1048380094
2093074301
678274098
764174309
218435017
792672070
1306946580
2100303587
316349473
1714089327
1710501631
314507407
1910676859
2102396686
243376446
1758202905
1918650667
378607497
495206464
987036740
1525123461
1559713308
1266114217
74383934
1251626202
1431270533
185384194
753711746
418016219
1363324123
1116400516
1466396314
1308914776
1794674614
83086975
1527349794
439863037
1390033555
1480169733
756212510
956639235
1043187717
1070719918
719832446
998100755
1314096364
330551703
769267775
1692703862
825758167
1756304515
1070343675
237987827
874935084
1144727610
1489614029
158721969
1330111804
95842128
576738189
545952279
1212242644
2043134503
1854867055
859433611
2126221478
1234733201
1299296648
1368771385
567419287
2055509158
177926972
1610607004
978745428
897759418
461224111
145358145
1228311122
1230491886
1838062007
2054069289
839312753
760922034
144573469
1714247837
1905649644
1634187498
1872969807
1088277800
1730029626
302224348
1634230079
794788623
197875203
1341613487
1654222234
176613033
428863040
806035234
1545384418
996282327
714060744
1723311391
459405683
1692806173
473587161
920629795
1838164318
1701898283
3638033
1528742677
1608483925
842950787
142181063
1753057394
409714976
2047830708
1239761244
135201135
988624860
822307223
437425483
475371292
1617095846
635300686
1816984779
1123834432
811913719
98364171
1929869666
209814490
1094646499
496446762
1933125881
1554052182
41769287
259229394
327198329
1879933605
1961127678
330836363
1261192634
1422127955
1173787150
1403373698
1027701701
1583502126
1303720758
119979297
1718703262
144861970
942286520
8645097
620233262
411898718
643945784
289734393
1535733150
1455859503
388098565
1318119168
1665673993
1482745064
1814565931
1451316226
889313598
1856335218
1710545621
1216511928
1588785176
1524189651
1547348291
702494162
798833958
573651793
2105867860
1826535659
9670271
1262104970
1946514956
1728373533
1406966941
741317829
1737018631
2027200203
1153216547
233480767
169450949
541466050
1689340270
557549514
1859585218
1207530616
2040294578
1526667501
511363194
782124528
1235519072
74425167
1998636456
676820600
1598614818
1398501099
1379314762
249965128
1972152892
1337698975
2076500787
1981823164
452320297
1875532096
1562713049
1859287238
469366277
1152248032
1739003794
1622582824
1385728799
1908454743
16565226
927585422
318520609
1876150445
2135116038
211331539
1255334298
498995584
993456067
343369722
573420752
844608876
1020190322
24551922
95626327
252021437
274517051
2067779220
1589720412
203534190
1902118736
2042040709
2079066286
1317348137
1753844300
400948915
322112522
1345364446
2023531740
1707841321
1106335541
2040096966
487943095
1424856150
1768763763
475575485
1636187689
876614414
974571070
482160108
1219984136
1547991822
1326768984
92690811
1572543744
1422395312
344712248
1847060795
1342690884
1934432660
2050594986
1097325972
1828989721
1982177624
267190461
1435350373
235642892
589302983
633231171
111690984
149660657
1739566712
4304302
637603752
1016939214
1773068066
1113179238
505643255
502198832
2087750308
987803364
1722182968
1488258482
167088700
1814873779
913318578
1589484012
12102379
612895726
784691248
1946535039
516007064
1882017220
1628041113
350701040
1724034
915907838
586343932
591027017
1549139010
698034916
740687674
1141222074
702339219
1378291427
10677641
327923637
343987017
516320896
830122469
284253677
1504124260
404821789
1772512159
1671212961
72211921
538347089
1113213325
84314300
1151242815
1897904574
2030849340
1667249879
1632438146
1511406805
2017950920
1634162180
279830995
456811204
77705550
1828970005
1154846121
818393224
822708432
1857185340
49201003
833386073
37625329
393188020
1349706969
867747798
677441697
706347582
1272569587
302470208
230076895
1344781508
840817298
1343290220
1429095809
1992060113
