1565516750
585004119
1710532314
1651958872
1013602258
759950377
1749098521
27106040
1395122419
343865417
1229179597
2120987727
2110281963
1658496144
586562899
399657644
1608005091
1851505639
1887928211
1928408720
175254981
294710043
1376446545
177105408
1065164317
365452207
2031338115
372395760
1203341638
1046754448
1541910403
621374740
1631758567
1104959070
125849964
497877178
1864909447
1874948486
524983218
1112548219
71330255
1754162815
1086052298
34128570
1265175312
1672615198
433786214
725696755
1376637189
174230777
506621827
1551892170
468940821
1883068372
1728997578
1534105138
101036931
1612852046
1906500898
1304378570
512122846
1300927654
1925753310
2143881414
258403076
2051603275
494274944
2123312523
1779068113
1019258162
1088377094
1850398368
625937330
26945745
1884526938
1891112642
1699560943
170829504
469325749
928714484
345060282
975947576
333123007
814001103
711532300
2062120585
200622593
812569232
1527488983
2107123492
2116947802
2039611830
1260567498
1895217464
2036009596
1518970574
1799337091
382800892
1494799449
1430921556
